$ANSIBLE_VAULT;1.1;AES256
34623137626130343636663537376365643166363833666537306366353339663961656439303264
3730656133636635303731306532646337653031323234330a303861333332666438363133343733
31646563393261333336316136656132343361616538396131366561626366323234376531373737
6163386230343032350a643231303938666462323130633363626233363832343464653862343031
37363465336637373032336461623065376230633734336338613339616239663031306131636332
64353766396662323264653261306436393261643839613339626664626534336339626561323264
63653539373838353236346137316635383433666633366538663736313132353935666663316439
65303665363134356238343834623261363966386461386262343261366538646565353462386430
36343335353963356335643836316461663433636335643235333633366437623962313031303732
38663430353364393537363164663438323632313132316262663162383865626636396235356139
35313265353765343135376663626430656632636463386665383032366131393166663235626365
30633138653632313130386361383865656361356532626463396437616636313162396133346137
66653238653666656238656332343330616330333662373937396230303533323066323939616362
31386235626134653364653863323165323731663736616132333365396231656239396163346466
37383832313834393039353862343836396461616635363465623330316437323235643131653063
62386634373234343631633735656130376661353231303963306232616336613764623163356666
31346239343163663637613734643431636562323038616139623737353861646230353434393435
34663363343231316430666265646566333861393434646536313864336430303963326366383435
64393961373766656536616337353930643532666138313531313434356164303130653262373530
63313238376439393936343365383339356235376566613461383965326137353362363239326162
64363365343330616235336339313166653138363666663061333663393263366335333265396661
36643334613066343230363631346238623365386563333331663862326261346133623735613635
61393266393035626661616566383131336163346637393765326439356263336133303462386163
61356631633032353966636333356536656261303031396333343665393338653435623934653239
36613264376261343230323639353038383539363438383637653638356137343365303964336165
3536666663656263666438393962633435653263373830663764
